1410.717585 0.000000 0.000000
1409.220874 69.811673 60.383003
1365.417489 132.840582 111.672740
1418.570752 200.958009 144.180639
1445.479434 268.580671 200.970739
1428.982516 266.686552 291.779775
1462.585854 233.890962 371.261105
1481.564859 160.355092 423.742437
1529.008124 123.075269 493.609227
1536.823084 190.238012 556.459121
1579.608190 224.638453 630.675436
1597.490424 166.900995 700.450995
1574.122492 131.882048 782.607127
1531.199615 62.265539 739.791414
1465.397450 17.238912 693.265134
1401.499251 39.905786 630.613319
1326.808929 77.062191 591.081377
1235.074510 71.467402 582.391638
1147.946578 50.893370 604.918281
1075.659616 10.390408 645.613762
998.593947 -10.430467 691.975284
907.997773 -8.780103 709.628227
829.620706 -54.204372 727.395843
775.320749 -118.910316 690.157793
730.695981 -197.210031 670.162752
696.627195 -273.742889 708.944920
702.834436 -353.747210 754.582575
724.581713 -431.831773 798.762592
778.507765 -499.929898 830.013883
868.431451 -514.044309 845.393449
957.126789 -534.222974 829.646212
1012.254560 -595.894369 788.663473
1103.107798 -608.551091 778.294607
1189.958115 -603.174323 809.118784
1246.915528 -655.180332 859.845947
1294.979774 -722.566531 900.723145
1375.827556 -767.047918 898.066231
1454.848487 -774.171112 945.257008
1494.689056 -768.725870 1028.353912
1467.498508 -812.466740 1104.966099
1431.734171 -862.752644 1173.626547
1385.992830 -902.601503 1243.209699
1310.245960 -951.434990 1223.216718
1267.241442 -1018.446787 1176.504328
1195.466179 -1008.740740 1119.266919
1149.725851 -980.899887 1044.069005
1200.208244 -980.625139 966.780781
1251.672118 -1032.410209 910.284823
1305.599088 -1101.842155 882.122725
1349.431730 -1166.978405 833.563635
1393.047484 -1235.143445 789.142802
1429.658261 -1292.022112 726.321746
1500.535279 -1324.832582 677.108554
1564.039243 -1288.666005 620.706051
1597.575650 -1324.875448 542.691934
1598.239006 -1337.066623 451.188098
1643.998001 -1375.263495 380.696038
1665.199425 -1367.344223 291.198543
1633.122256 -1336.090811 210.474962
1571.300319 -1315.783540 144.994586
1521.513227 -1280.821080 75.561966
1530.366315 -1254.689600 -12.533355
1568.966274 -1211.503648 -84.415436
1646.386465 -1246.865379 -120.160073
1716.229164 -1262.118136 -61.753158
1803.412974 -1268.885588 -91.336967
1888.357954 -1253.170784 -123.885581
1965.020681 -1231.372438 -77.305809
1976.448675 -1186.353010 2.473068
1923.442841 -1141.252588 63.122474
1838.388982 -1175.898999 53.769190
1803.562057 -1148.174962 -27.104044
1779.491927 -1140.194913 -115.867576
1715.101668 -1126.523383 -180.590068
1637.456916 -1096.103373 -220.187193
1564.605694 -1105.479326 -276.105060
1510.245887 -1121.579102 -348.959885
1493.529297 -1139.287471 -438.004740
1528.183466 -1068.842724 -486.570606
1564.559762 -984.086537 -490.465565
1578.100342 -897.318224 -462.006306
1596.405116 -808.434832 -445.074242
1569.134060 -737.674913 -392.430721
1526.846209 -696.521011 -321.436982
1449.615240 -646.173835 -326.186330
1372.558540 -599.463154 -306.126568
1338.103734 -544.981701 -240.045901
1298.363655 -500.294483 -169.719550
1246.271197 -464.785879 -102.284162
1162.748138 -452.285824 -65.005961
1143.237439 -370.989004 -104.148989
1195.339101 -307.404751 -146.154662
1263.020501 -244.625602 -146.308482
1330.090014 -184.265053 -126.807167
1389.866068 -129.606290 -82.521051
1407.697130 -92.265344 0.000000
