1410.717585 0.000000 0.000000
1424.838912 -55.737107 72.221742
1423.599042 -89.554752 158.110312
1388.529897 -159.362747 207.293803
1360.679401 -191.983472 289.038865
1350.257700 -163.413655 376.200615
1333.686982 -163.592485 467.015791
1332.748143 -152.774655 558.689725
1344.089482 -121.030442 644.629796
1332.148228 -58.276744 711.273601
1310.983125 -22.720276 793.795071
1330.000743 6.039831 879.429196
1335.369451 16.628428 970.977410
1284.665295 -4.160098 1045.266997
1225.432286 -15.032455 1115.233127
1204.229217 34.343124 1190.296427
1230.989383 108.094393 1238.944765
1289.077759 178.457105 1252.974956
1309.460250 254.983685 1300.411794
1329.160001 343.394197 1282.592756
1394.729015 408.346266 1280.605281
1454.153677 455.615927 1228.104752
1516.235667 474.335942 1162.397792
1530.365887 498.241263 1074.358657
1579.396401 496.098376 996.170207
1576.015127 520.298416 907.148063
1604.771276 523.249703 819.476000
1673.350518 544.387456 761.406215
1681.837469 616.484663 704.380069
1749.213688 673.571065 731.279971
1740.760399 735.324326 799.376180
1720.645647 793.827332 867.894878
1735.483869 879.033629 900.170736
1780.030464 877.085238 981.002794
1843.664083 921.725325 1030.802815
1877.163077 930.832210 1116.341689
1816.677913 949.496968 1183.536842
1729.291031 965.129490 1208.858257
1669.488003 950.904318 1277.729581
1609.156771 912.040940 1335.796759
1569.328159 829.892090 1349.481244
1559.722473 756.043857 1294.926811
1596.015614 716.342009 1219.902893
1563.879020 684.696652 1139.355841
1546.457548 606.323364 1093.791195
1568.800163 517.009778 1100.566719
1551.367202 454.405977 1035.000928
1529.464259 383.058079 980.670866
1512.491061 332.838706 905.093475
1460.700291 265.678995 868.633823
1418.599632 190.898351 834.613142
1409.980375 101.188752 814.615314
1478.366252 53.179478 775.366131
1513.542737 63.884700 690.690101
1590.065581 112.497427 673.281079
1665.816330 150.743923 636.934877
1734.878254 196.269927 595.948895
1814.555652 242.584400 590.610475
1889.460659 254.864670 538.070472
1926.501282 262.884293 453.893903
1974.044783 231.985740 381.045349
1927.034229 260.913899 307.050847
1881.923119 276.329242 227.997878
1833.997680 258.286260 151.188893
1746.524875 259.338671 121.703003
1654.321840 263.545282 119.993698
1577.087291 216.699024 139.027076
1502.113368 174.629504 172.658657
1483.985680 110.323358 236.362060
1403.102513 87.216514 274.388421
1401.275101 70.530834 365.164329
1445.882303 22.312927 430.027631
1428.566238 54.210377 514.908274
1457.139506 36.547223 600.894310
1534.999816 33.152798 650.374274
1610.667977 -18.698345 660.757210
1685.037288 29.074764 634.131047
1684.149167 100.720561 575.923591
1689.905727 162.189304 507.290707
1620.403849 218.778304 485.173048
1541.220075 233.229327 439.972220
1493.241802 206.816069 365.659085
1480.106788 168.469130 282.719344
1470.930733 89.868517 235.182405
1488.256450 24.026990 172.838762
1566.794799 -24.488005 173.038579
1657.895387 -37.248430 165.300927
1722.087269 -67.436708 106.223968
1698.382257 -97.480840 22.215401
1703.987796 -95.539773 -69.908576
1680.095151 -69.694049 -155.249991
1591.643483 -95.963742 -158.117501
1511.314535 -107.700010 -202.066758
1458.761575 -151.359765 -139.985931
1389.866068 -129.606290 -82.521051
1407.697130 -92.265344 0.000000
