1410.717585 0.000000 0.000000
1350.888340 49.382028 50.038923
1290.946003 106.713731 90.560633
1233.931190 175.954015 112.403505
1240.809424 266.143563 93.949449
1279.331882 340.727828 55.540797
1342.726055 355.232988 -9.978636
1420.886170 320.344029 -44.558600
1444.285161 341.946649 -131.206341
1499.215892 381.550124 -193.945455
1578.578484 404.323665 -235.236637
1603.556849 378.753774 -320.349967
1604.162084 308.005202 -379.648282
1547.792801 241.261492 -409.477765
1458.822662 217.694296 -416.613488
1371.185656 208.714801 -389.024705
1303.371463 160.199197 -428.641473
1216.130468 177.163759 -453.606034
1140.881494 192.543966 -504.821832
1052.232498 168.641097 -495.228848
960.784950 157.740894 -488.861075
879.007562 115.953219 -479.466080
793.636120 100.626392 -511.070229
708.402916 113.162272 -544.239033
655.631532 58.668800 -596.847583
677.024555 -27.647343 -621.624166
724.009739 -93.761351 -665.707579
789.203268 -85.708296 -730.568731
856.742309 -110.114724 -788.575810
861.025690 -169.940019 -858.751330
838.753008 -256.607321 -881.438845
858.432345 -337.630017 -921.062870
872.232117 -426.515303 -900.302592
881.634520 -508.856166 -859.638185
939.189133 -535.539791 -792.575023
1003.997727 -591.890819 -758.716129
1063.317277 -659.523679 -738.003714
1131.693909 -680.747599 -679.726802
1170.639757 -667.162629 -597.139355
1205.930892 -720.197402 -530.327188
1254.900463 -794.138745 -504.701500
1317.435446 -852.873777 -470.619412
1378.776237 -886.099720 -410.159830
1397.561918 -948.943671 -345.200205
1434.332238 -1030.502237 -322.437058
1450.040072 -1121.300773 -316.877674
1436.027476 -1190.263935 -257.130319
1491.281482 -1173.129341 -185.189945
1489.030388 -1109.728305 -118.128346
1435.934876 -1041.425883 -85.915574
1363.744258 -1009.632014 -37.960579
1280.266952 -972.966864 -52.425121
1194.299717 -940.282636 -44.463168
1153.015592 -925.009403 36.680941
1098.625634 -880.079557 96.221334
1059.691948 -837.241909 168.131840
1018.855011 -877.818324 240.297733
983.358500 -863.746877 324.345392
937.352064 -849.757908 403.147255
956.278604 -831.228230 491.580585
960.028368 -761.729846 552.226532
930.856945 -680.873468 585.890923
902.506491 -593.358356 593.596368
879.302362 -505.351231 578.158386
843.467703 -420.575711 571.016584
859.128547 -332.186486 592.559559
893.621747 -284.995624 664.010651
960.261099 -239.496739 708.855553
1021.212507 -207.846730 770.542016
1088.101304 -198.074346 833.410181
1166.045159 -150.752342 819.008779
1243.809123 -103.234950 804.281917
1327.788697 -76.944981 832.179686
1387.674170 -13.441423 802.128976
1429.945327 31.745946 733.621546
1448.811460 84.336394 660.134604
1463.404743 105.828607 571.550532
1413.463168 100.892270 494.068350
1366.625493 22.163002 482.668722
1303.566424 0.482952 418.828717
1280.268083 -88.303402 409.021192
1318.530714 -172.248634 412.365734
1288.507232 -241.409377 359.098492
1254.762363 -323.292328 333.050784
1301.749062 -401.558182 319.313126
1370.366883 -462.316968 308.268605
1456.771214 -452.318871 277.343750
1479.910997 -367.211677 250.079618
1525.100175 -301.908628 203.010870
1539.953961 -240.880404 135.357801
1472.059539 -178.335951 136.103292
1413.547598 -111.791857 110.214043
1334.772480 -73.480097 81.081470
1311.087748 -81.102577 -7.817058
1359.497331 -131.028506 -68.528925
1407.697130 -92.265344 0.000000
